.i 7
.o 7
0000000 0001000
0000001 0001000
0000010 0001000
0000011 0001000
0000100 0001000
0000101 0001001
0000110 0001001
0000111 0001001
0001000 0001001
0001001 0001010
0001010 0001010
0001011 0001010
0001100 0001010
0001101 0001011
0001110 0001011
0001111 0001011
0010000 0001011
0010001 0001011
0010010 0001100
0010011 0001100
0010100 0001100
0010101 0001100
0010110 0001100
0010111 0001100
0011000 0001101
0011001 0001101
0011010 0001101
0011011 0001101
0011100 0001101
0011101 0001101
0011110 0001101
0011111 0001101
0100000 0001110
0100001 0001110
0100010 0001110
0100011 0001110
0100100 0001110
0100101 0001110
0100110 0001110
0100111 0001110
0101000 0001110
0101001 0001110
0101010 0001110
0101011 0001110
0101100 0001111
0101101 0001111
0101110 0001111
0101111 0001111
0110000 0001111
0110001 0001111
0110010 0001111
0110011 0001111
0110100 0001111
0110101 0001111
0110110 0001111
0110111 0001111
0111000 0001111
0111001 0001111
0111010 0001111
0111011 0001111
0111100 0001111
0111101 0001111
0111110 0001111
0111111 0001111
1000000 0001111
1000001 0001111
1000010 0001111
1000011 0001111
1000100 0001111
1000101 0001111
1000110 0001111
1000111 0001111
1001000 0001111
1001001 0001111
1001010 0001111
1001011 0001111
1001100 0001111
1001101 0001111
1001110 0001111
1001111 0001111
1010000 0001111
1010001 0001111
1010010 0001111
1010011 0001111
1010100 0001111
1010101 0001111
1010110 0001111
1010111 0001111
1011000 0001111
1011001 0001111
1011010 0001111
1011011 0001111
1011100 0001111
1011101 0001111
1011110 0001111
1011111 0001111
1100000 0001111
1100001 0001111
1100010 0001111
1100011 0001111
1100100 0001111
1100101 0001111
1100110 0001111
1100111 0001111
1101000 0001111
1101001 0001111
1101010 0001111
1101011 0001111
1101100 0001111
1101101 0001111
1101110 0001111
1101111 0001111
1110000 0001111
1110001 0001111
1110010 0001111
1110011 0001111
1110100 0001111
1110101 0001111
1110110 0001111
1110111 0001111
1111000 0001111
1111001 0001111
1111010 0001111
1111011 0001111
1111100 0001111
1111101 0001111
1111110 0001111
1111111 0001111
.e
